0.25603213932275654
1.631486412742867
1.0177679912001638
0.04514011778563044
0.6074541323185644
0.5923288167170534
1.3654981903134178
0.519884818545343
0.5712372627356284
0.16004605590137255
0.2768056218843868
0.6855505731483043
0.17371282847537933
0.35247782844820574
0.8008103415014887
0.45650409678463405
0.9179640079908714
0.3742771308222049
0.21299023253793778
0.35555283895793477
1.6079877827111788
0.06175502194411568
0.9760205076174594
0.29939795431307004
0.40145995409762714
0.1793807459515341
0.5892404529585069
0.1373235900963718
0.5110418447555656
0.041200762565382416
1.1607707900353965
0.27698286819893003
0.058109795456605676
2.1882497411938107
0.4558530433560844
0.7604383573172421
0.16097832031574003
0.5432999409094578
0.17763834532624825
0.06357012989983303
0.5354291196248882
0.00759077116179833
0.05845188795079699
0.1700345506139358
0.5188816827100221
1.2758245733325773
0.11731676625384681
0.31087962066359
0.36421105153776556
0.015865944286838577
0.11028570200960372
0.0866807028980312
0.48258069977085605
0.20061048144381904
2.6273869854697907
3.4905076315196504
0.6025177403521254
1.4241509741570166
0.736217001481795
0.3552216823987444
0.5230661465594221
0.18022249472347066
0.4006371193158889
0.19965163566166202
0.6520036322514527
1.9498211336898206
0.44997757983430386
0.004277417150409669
0.8970729197326928
0.004549548485309455
0.19943426734373773
0.06983842843881408
1.038174434364966
0.8459501946597361
0.09084387683584462
3.7216133504157067
1.3407493692748573
0.004426992328282728
3.537730972573907
0.12200920202734004
0.7518263616180633
0.6594257162584409
0.5988077595558352
0.43735812299291893
0.4369489956131993
0.7256131657914552
0.07438358483000926
0.2744407189937659
0.7056670925648979
1.0743134172561726
0.3628058375372774
3.499539215922069
0.898042868264078
0.2983298259541915
0.09127300134227136
0.3310301623548975
3.5800497219817595
0.6234406002075367
0.2070902239542538
0.15243267636558738
2.3822337258860102
0.5955327759190375
0.04056825386020396
0.9407720169632422
1.3544057015393105
0.3713282333941194
2.7349353639174794
0.4361262217602841
1.111656250341612
0.6135437428281236
0.21671944723478997
0.7125739549397837
1.3186636745731821
0.7209929261206898
0.5703642467588821
0.07406782533806695
0.7479099925397589
0.023086845994155416
0.23764209006276982
0.26903591161110524
0.3186168111333191
0.9080172682055948
0.7293421814404741
0.08087744891801832
0.11137235264697351
0.9646634799912408
0.00968331506221139
0.22753333542996093
2.3280941750384527
0.14483586911146937
0.33647467417062005
0.06458765579356682
1.2254398496503192
0.06415043350978221
0.36907546734888746
2.0313544155840493
1.5061184969690629
0.3006848195152516
0.11899226776165536
2.6147418685863855
0.09401969721408765
0.27989686733212227
0.25557638645633385
3.004810741558073
0.8363009301193963
0.3652105900899631
1.0736534176703088
1.0015092398408758
0.17313187920937062
0.7634561784292471
0.05776077971878231
0.52478243351563
0.05562805848780398
0.9138227833927931
0.7904090476062535
0.8508483807578961
0.17243927619650434
0.31609328400190434
0.2870656827608378
1.1584588664094413
0.035642368240256496
0.0971534974540486
0.1987865612579877
0.11910418857886786
0.4912078475165866
0.18851835412827717
0.9236421203769429
0.2622819037067967
0.4777124500865132
1.4964246465178748
1.1579880244656124
0.9061812124758105
0.3845358303225502
4.208544048793083
0.2828612002458608
0.5072888681032687
1.1315350803868987
1.7163636510516047
1.0733762769193695
0.39069978571056596
0.007193568916018892
0.8991435744096656
1.0376366680637328
0.08069663786142935
0.07763560490036964
0.7586557036073049
1.318858605075662
1.6873422745727447
0.1829833751482165
0.18190206070733614
0.1682419105208966
0.07583112528955753
0.6888123349682275
0.02384875409609864
2.230799272220211
0.15205689877533343
0.26460769626917097
0.48241666801462846
0.232186394802854
0.14408630257668284
