-5.914745543281529
-7.1006472236494975
-6.813562427388313
-7.132196360031127
-7.602587366579146
-6.877091013228896
-9.525162781908662
-6.020032559866182
-5.807321846743732
-8.275628900169696
-5.945668386000299
-6.91076280165801
-6.993871588161583
-7.8241998659244585
-6.066147304283875
-11.112247435479468
-4.986302072053835
-7.333497261893144
-7.807463631901886
-2.561905999196372
-8.887221277388733
-6.998120117044905
-3.968086372667296
-4.501502582957954
-6.3366813620149705
-6.431031166211275
-6.570300358916518
-7.600374271716452
-6.863581612060496
-7.278438688270816
-4.668225974583251
-6.680981002439639
-6.217587396938453
-6.372600944575655
-6.371081059834952
-4.534861745933806
-5.515786354279598
-5.073957832453991
-8.984038906431968
-3.7628853888433764
-6.038245130227847
-7.167834439174941
-5.568430133471776
-6.459371899618913
-8.564982162569343
-5.62679679152799
-5.940767834541028
-5.436508469051175
-7.397538180864416
-7.217098584467569
-9.62962772448752
-3.711300679213043
-5.464626310261238
-7.976344239883976
-5.9016116267369165
-3.5451746333736667
-9.013170478931658
-5.468900322466561
-3.361577120900058
-10.46753168515987
-6.49629940918919
-4.357528059757524
-3.6603740516657637
-9.908414764448128
-7.5681423093469595
-6.961411239607641
-6.683482694899687
-5.739160649873877
-7.052651454164888
-6.315008990211515
-6.956245983831399
-7.440358121653109
-8.160670645897898
-3.854002291249456
-6.079954876862611
-5.375208954252611
-8.310526286846834
-4.245507601718985
-6.193912049404178
-5.209408242594069
-6.119588760719128
-6.947505866735879
-7.741202199072722
-8.735434368724395
-4.732756039057798
-4.913477692533815
-8.602920155827686
-6.877956138263926
-5.080398613389662
-8.291661209857416
-7.650368379122465
-4.311279190473321
-4.937643246856786
-7.273918515462864
-4.689739226469208
-7.405938429967822
-6.219768808089352
-5.888541200067633
-7.183189654490119
-3.9665590488598625
-2.7996768226614708
-2.9387770152151003
-7.353809055707541
-4.2239503833394
-6.4297019669408115
-7.938696444584748
-8.150683992700486
-6.270429257501935
-5.776407821242161
-5.595085276993702
-9.97993652944258
-6.700894581912421
-8.361980583670949
-7.294214949116837
-3.688279910788972
-7.150824570599454
-7.391435595015883
-2.962199810765051
-6.7068061702449215
-5.749555073684515
-7.747735566138035
-3.6175764626040166
-7.5073615182277695
-7.3061605275023505
-8.913111207456883
-6.016218938965194
-7.243002360357329
-7.730969853012385
-5.554230833724551
-6.520534004095492
-9.520418901939255
-6.553589026672776
-5.588738054869605
-4.819570441356668
-4.31127019643298
-6.814873725846652
-4.227159050615599
-7.069356831290002
-6.7326545554095
-4.346739149546221
-7.669771679778346
-4.872601547598086
-5.248740610657483
-6.189473532889727
-5.470281377418361
-7.872236759531045
-7.993600169977174
-6.5503830242486005
-4.549239855222309
-5.320580166792586
-7.038038314291531
-6.857770541348403
-5.678691153783665
-6.394250902817632
-7.631339800555006
-7.9292248969207355
-3.9075861193780383
-6.382181726189778
-7.435302871761795
-2.9722189515323545
-7.054308383460102
-3.150959810161168
-8.216134844112744
-5.357981065253809
-6.679791412866879
-3.8788442784537978
-6.831897342237239
-11.223892138981075
-4.839192860098869
-6.252957727948301
-8.164749142812244
-5.808611066472011
-6.121300273619128
-6.95972115880207
-4.790284911033519
-4.1975888406312585
-3.242443825482405
-7.300232237546345
-8.297901425070672
-5.537512048995627
-6.78467542037596
-6.423281341415641
-6.581867253237721
-4.985548797535882
-6.457462559392334
-9.520865413489812
-8.210237687141914
-5.440769973715437
-7.498765990524965
-4.023503817365203
-6.262298018396796
-6.373751980946084
-6.425115118693491
-4.955373566515215
-5.3800126392743115
-7.543663761158383
-5.666640545661956
-5.458494255351689
-11.263300771204733
-1.5662260255061398
