6.407837376904116
3.840800275316177
3.0771012941054177
6.864888233143263
4.19735592483321
6.9216830669387805
4.6345858618413445
8.78334976187431
4.967888118549624
4.222662059550457
5.777324334413889
3.7903832442188055
3.4576895144278934
7.6048705682203686
7.962700942286764
3.0806177844814977
8.39556225999074
3.563623227603044
4.7243200759238695
8.963715486411772
7.426199634260833
8.762813406913995
4.283255668613144
5.557223531614482
8.085599501867776
4.471267824619591
3.974315725405896
5.313467511796695
5.031843190057868
4.271972515466427
6.618045668017434
4.152979793875887
8.194168933819714
8.252429872173082
6.190829653173946
7.285158602462613
6.775738184487048
7.80501230844729
8.131040413604769
8.50064527476457
8.521086025208737
5.09471300755386
4.583520745880952
8.498758330909048
7.845573527583015
8.045621683147347
8.041968798306632
8.815518954462082
8.288375506486723
4.155889955610151
7.136158013985481
3.030779619740036
8.586720318615406
5.3952954953043
5.153816976100036
3.1280563341892558
8.596072031211367
6.011904745884468
6.6622793984575175
8.086593948289423
7.742665407147461
3.0988235856861337
3.747690553923361
8.98815993170741
8.990054607784534
7.9586751144713945
5.033225040013685
6.828782717182477
3.90533637309931
4.952843549721356
3.335303410439344
5.738346388692944
3.5429114411721425
3.607269456457175
3.3278043866272826
7.709386722019118
5.359321328509129
5.200201551456555
6.906105818540438
4.415691215527581
4.590200619192059
8.502007331952273
3.0052411082052886
5.408046091184207
4.474996434694074
3.1553297952642225
7.670486059939755
4.401619760211129
5.64241479796223
8.998769893549195
8.456381468587615
3.9248170769769724
5.312777395301438
3.015871952566072
6.459344998479393
3.6713578734211936
6.511692554118415
5.900156499071752
3.241694702581131
6.2842369316301605
3.809638702676323
8.434637915270349
7.189242519172267
7.612309729308057
6.215754648855505
5.000501224606178
7.813959537739015
6.0597721372046705
4.318431400954692
8.784510803455422
8.193433605137937
8.223020460666483
5.366918114012831
7.772111338534016
4.612038777887018
6.475768086987633
7.149208474206359
6.634373545311684
6.73065164992432
6.44980884736025
4.1756905768684405
8.524353476182554
6.153822220372615
7.869397092980373
5.482482530630098
3.2153194835698873
3.89197136753375
8.800803537429061
4.261372000120874
7.475992924952394
3.014778862374832
6.915276659341003
7.239474949236497
6.507642029039976
8.519085152683814
8.645569540497732
7.301375385956992
7.970264745728777
3.720104818284201
4.043582978982181
6.252969991624307
3.858128764761568
4.900252879723758
7.121909079966981
6.83208296032816
8.157757730375357
8.136056336348378
5.247845899439048
5.637844877897246
6.748147088716904
6.2756319415007
8.803348276809494
5.177728610257887
7.629560150884535
7.9648585846183115
5.40600478210955
3.7254901728162855
3.1344605714240474
4.599789646022018
7.479061564790698
6.748052517311802
4.839259249861045
3.9262347062326954
3.94028189780522
4.663971937132662
8.135078727674514
7.01420492835814
6.06390451512376
4.0229571818237595
7.150142489498882
5.704884248032411
4.085693831932716
5.278000874822451
4.799992988331866
3.8312012346344924
6.283095711609221
7.813427335548625
5.352492495451136
5.581025696129263
5.504236249465012
6.413047758523304
8.289003930669296
6.9998029845165055
4.803429969133278
3.4577602521672732
7.072507378842929
5.268622117582824
5.83918571360636
6.898405363058154
3.9005318264332463
7.003524575294737
4.5266670335269765
5.455298662708076
6.446549732122877
4.218991539425631
4.877385575279734
8.955600636112356
5.4440922182394305
5.137997565882666
3.5425116054736723
