-0.7720310950393032
-2.0509276701885044
1.1006188528413468
1.558260253086221
1.7366544349407178
1.9940536917599188
0.7753910406142195
-0.7164555074379866
1.7313146992536108
-2.2438126894018104
0.6864721703755925
-1.2597518808278985
-0.6728297233020943
0.9114595930353282
-1.3034286619948834
-2.8892840191089046
-2.224396277219431
-2.3477052146562336
-0.9310569479660011
-1.5399713889729616
-3.1318913388789453
-2.448233017291408
-1.2801032403940216
-2.4014376105690354
-1.4660009862644434
0.43096264319239896
0.8573271027437128
-1.5570642303166586
-0.7804850040716618
-1.5760428230122574
0.648545561883846
-0.9071330715510246
2.113607136894734
1.8829754000555807
-1.9915987148596632
-0.4800844350741329
-1.3494230642516167
1.7521116393538696
2.832770609913238
0.4850540441195652
-3.0569211810166506
-3.0732611945949913
0.07684884766550137
-1.183275954389511
-0.7607388401582753
0.4386686559979385
-0.47089327769840894
-2.5446744319320045
-1.6376524591131585
0.988092232215279
-1.0452888833491887
0.9384602247045049
-0.21394313069289428
1.6698628396211488
1.1043159140501224
1.0312393881455515
1.8664786512962461
0.5390027641883992
1.918499134609105
-2.28106734305074
1.6711601595222891
0.4237559551766177
0.3447119271345773
-1.6152020639391558
-2.796480524841824
-1.4979986061205979
2.68892759573328
-2.532181742457441
-0.7242495047327928
1.5295634561477218
-2.1400471974953934
-2.241661830743916
-0.7794389278325031
-0.4299440576228726
2.3548093676067614
1.599227671806176
1.4083770708721284
-0.1873913811278518
-0.21887302088531957
-1.5372537995933844
-2.3410513265767396
-1.193645103457864
-1.1585211733011629
1.5861373953664994
-0.6157633681656511
-0.03833989605060584
-0.5016712771117486
1.7169579881975068
-2.2340192478288143
-0.39650956505340496
1.56734132307664
-1.1823212246700947
-0.13220936745642087
1.2833634658019006
-0.8259993025011605
2.1574123337697007
-2.1165157005119535
-0.6351186536457334
2.6001090803506077
-2.3940112288199216
2.1939791437721405
1.2278730503730388
0.47288391151356635
1.646038797859517
-1.7406282916232378
-1.0726791660537138
-0.0922017727985116
0.04167310442280936
-2.032845919025041
-1.334651689389521
1.1439441397801327
-0.28228418199170724
-1.4894689141596822
-0.6201226292989022
-2.726273368257791
-1.1197419434825262
-0.8357143081482814
-0.5381214081400576
0.337083540578313
-1.260910184476239
-2.9036884421765077
0.7667504219479082
-2.7479188741954346
-1.2251243813282455
-1.8919131039696884
-0.06870088390246032
1.7141693881835618
-2.9665421623836012
-0.519380184265958
1.4564054412755425
1.3593609820234915
1.5922355337480898
-1.8543781657634784
1.8479886741756033
-0.548223836333245
-1.1205326566293667
-2.6605716648880167
-1.3034242674139676
2.6172468699880875
-2.8945752736056405
-0.254421156966401
0.1534064469096652
1.754586335449602
-2.9808611098214106
-2.3087385736286303
-1.2020061601439027
2.0309395256219496
-1.1947264166784313
1.4888468690379213
0.025955831459520518
-2.921521121874166
-2.4961808133836936
-0.9210660050983934
-1.6263678173324414
-2.1166398303542016
2.3328351306313175
2.349614985577265
-0.7055838868389444
2.4147310559337445
1.387661059916339
-1.4820405152064913
-2.5403380674125273
-3.08992708971022
0.012452570205289337
2.043220920072323
-0.6864755821928066
-0.37914415503008136
0.9039706763728841
-1.2511063987867708
1.2033417526176073
1.2054900558689203
0.6388781494580087
-0.32881374943712816
-1.9504810005349
-0.45693136480447993
2.2469998502476827
2.178525463775066
-2.3989491799945384
2.126405755815176
0.09124019971920516
-1.8180201901844235
1.6523161642508866
0.4949278702243225
-2.8238260432009334
-0.07982692942929148
0.8599756066896962
0.551162067139253
-0.48803684127140734
-1.0358882235827123
-0.987347547982373
0.1835824032380966
-0.3284559021311275
-2.3677568039139256
-0.15628637557089542
1.256695369208086
2.747689749455885
0.14918561254178275
-2.5286977307440504
-0.2855953161670097
2.2729857940020004
