74
48
60
50
60
66
58
54
56
46
50
42
50
34
46
50
46
54
44
40
40
62
48
58
48
46
52
46
44
44
54
46
52
48
46
50
44
38
46
40
34
46
60
52
42
36
50
46
38
48
48
78
40
44
34
50
40
66
56
50
50
40
66
50
46
42
34
34
56
50
48
44
44
42
38
34
50
50
60
54
40
38
36
48
44
50
30
46
42
54
40
38
40
38
38
32
36
36
48
44
44
42
32
44
38
48
48
36
58
46
52
52
48
42
34
72
46
44
44
38
34
42
48
34
66
40
48
42
58
50
40
36
46
46
40
34
48
44
34
50
40
38
34
42
40
44
36
34
32
32
46
52
44
38
44
38
42
40
40
38
36
36
36
36
34
44
38
52
52
42
40
40
38
34
42
34
56
48
46
40
44
38
56
34
42
38
38
38
30
42
32
40
42
32
58
36
32
56
54
48
44
44
40
38
32
30
50
44
36
32
54
40
38
42
42
36
32
44
36
30
40
62
40
36
32
30

50
44
44
40
36
34
42
42
40
36
44
40
36
50
42
30
54
52
34
50
36
34
34
30
32
44
40
38
36
34
34
36
52
42
40
40
38
36
36
34
56
38
30
30
42
40
32
40
30
42
34
34
32
30
50
50
40
34
40
50
38
34
30
30
30
32
46
36
34
42
42
38
40
36
36

44
40
32
44
38
42
40
40
36
32
32
30
40
58
48
48
46
42
40
38
32
38
36
32
32
30
30
46
40
30
30

48
58
52
36
34
50
42
34
38
32
30
48
46
42
38
46
34
48
36
32
48
46
44
44
36
36
32
32
30
38
44
38
38
32
56
44
36
34

42
32
32
36

46
38
36
36
32
38
38
38
32
30
34
32
30
60
58
36
30
42
32
30
34

42
36
34
30
30
54
40

34
32
30
32
32
32
30
48
38
34
32
48
42
38
30
44
32
30
30
46
30
32
46
36
34
32
42
38
36
30
36
42
36
34
30
36
34
30
40
34

32

54
38
38
30

36
34

32

32
30
42
40
36
30
42
30
38
34
46
42


34
38
34
32




44
34








48


36








40








38
34
