85
73
68
78
73
86
75
79
69
74
77
75
77
83
85
70
77
72
77
75
65
74
78
62
73
73
68
64
70
53
65
63
68
73
65
77
63
73
67
75
64
58
62
67
75
72
65
77
69
62
73
59
73
80
74
76
61
77
75
67
62
51
62
74
60
63
67
56
60
75
63
73
59
69
70
79
72
65
71
73
65
76
80
77
60
68
75
74
75
57
79
73
61
74
70
72
67
77
39
61
66
54
73
72
66
85
79
84
55
70
74
64
66
60
68
50
61
72
70
58
73
67
61
69
50
67
75
75
65
57
53
68
64
62
60
49
62
52
57
57
66
70
63
50
54
72
74
74
71
64
68
58
50
59
55
66
67
68
64
48
76
75
69
60
67
56
67
68
50
62
67
62
62
72
35
56
72
73
59
62
64
59
55
61
56
61
53
49
67
51
46
70
61
72
41
63
59
63
40
50
66
64
80
60
69
71
48
72
50
55
63
57
40
61
51
59
70
55
73
63
47
64
73
55
65
62
73
48
61
64
60
63
52
63
53
30
70
74
61
64
62
71
76
52
60
75
40
69
74
67
64
71
54
49
68
57
75
34
66
45
68
57
45
67
64
47
66
52
66
68
63
55
30
71
54
65
51
65
60
67
40
65
40
62
70
59
48
60
69
66
64
59
64
50
60
60
76
53
52
40
60
46
67
62
30
67
41
44
62
69
56
48
59
54
57
68
45
59
57
60
57
57
30
75
55
59
52
50
56
60
53
55
62
61
64

60
60
68
67
50
63
61
52
62
59
50
30
31
53
51
35
39
45
62
33
50
63
38
56
40
64
30
74
55
38
61
50
53
70
57
50
65
59
63
67
61
44
40
62
66
62
55
56
65
63
34
53
53
32
61
30
30
56
44
63
51
31
82
55
40
51
40
50
55
61
50
52
69
41
63
54
45
60
70
31
35
55
56
30
33
50
51
51
56
31
45
43
55
30
37
52
60
58
66
65
52
30
39
45
32
41
43
50
39
43
69
63
60
30
40
45
48
55
40
48
52
30
35
67
45
47
55
45
30
32
52
57
30
48
43
45
35
55
51
40
55
40