0 0
1 0
2 0
3 0
4 4
5 0
6 0
7 0
8 2
9 0
10 2
11 0
12 2
13 0
14 0
15 0
16 2
17 0
18 0
19 0
20 4
21 0
22 0
23 0
24 0
25 0
26 0
27 0
28 0
29 0
30 2
31 0
32 0
33 0
34 2
35 0
36 0
37 0
38 0
39 0
40 4
41 0
42 16
43 0
44 8
45 0
46 18
47 0
48 18
49 0
50 16
51 0
52 34
53 0
54 44
55 0
56 38
57 0
58 54
59 0
60 52
61 0
62 76
63 0
64 94
65 0
66 104
67 0
68 100
69 0
70 102
71 0
72 138
73 0
74 86
75 0
76 134
77 0
78 108
79 0
80 106
81 0
82 74
83 0
84 74
85 0
86 64
87 0
88 48
89 0
90 28
91 0
92 16
93 0
94 10
95 0
96 8
97 0
98 14
99 0
100 0
