0 0
1 0
2 1
3 0
4 1
5 0
6 0
7 0
8 0
9 0
10 0
11 0
12 0
13 0
14 1
15 0
16 0
17 0
18 1
19 0
20 2
21 0
22 7
23 0
24 10
25 0
26 11
27 0
28 25
29 0
30 21
31 0
32 28
33 0
34 33
35 0
36 26
37 0
38 42
39 0
40 27
41 0
42 43
43 0
44 28
45 0
46 25
47 0
48 28
49 0
50 26
51 0
52 17
53 0
54 23
55 0
56 23
57 0
58 19
59 0
60 17
61 0
62 21
63 0
64 17
65 0
66 12
67 0
68 19
69 0
70 13
71 0
72 9
73 0
74 19
75 0
76 26
77 0
78 22
79 0
80 25
81 0
82 26
83 0
84 23
85 0
86 24
87 0
88 24
89 0
90 11
91 0
92 18
93 0
94 13
95 0
96 11
97 0
98 8
99 0
100 1
