-0.77807
0.12750
1.95633
1.07578
1.02568
0.36570
0.59099
1.06240
-1.04799
1.56525
1.02225
0.18912
0.19376
-1.00548
1.82630
0.47793
-0.12186
-0.06506
-0.18014
0.18374
0.70755
-0.60939
0.85922
-0.10089
2.15973
1.91221
0.04100
0.38174
1.14189
0.60038
0.07717
0.96165
-0.91131
2.15348
0.72407
-0.17356
1.85777
1.07269
0.96110
0.04876
-0.03810
-0.00916
-0.77897
0.91258
0.35817
-1.79180
0.88948
-0.17048
0.27439
-2.11958
-0.78322
0.31791
-0.30312
0.09220
2.54670
0.91919
-0.39844
0.06537
1.16148
1.77987
0.23796
0.06475
0.50190
0.15043
0.45334
0.85721
-0.28849
1.01200
-1.52468
0.86132
0.72307
0.06965
0.43833
0.95759
-0.24742
0.38211
0.68898
-0.91885
-0.05859
0.32446
-0.38912
-0.72364
0.28254
0.62189
-0.76246
0.51604
-0.18583
0.62904
0.21692
0.41309
1.04519
-0.42666
-1.66273
-1.33919
0.19286
0.01884
-0.84739
0.58225
-0.88994
-0.13410
-0.56726
-1.05372
-0.12927
0.25393
1.10470
-0.39279
1.08173
-0.62595
1.17306
-0.36491
-0.74017
0.17109
2.12087
0.80054
1.20942
1.02490
0.69617
-1.20073
0.74359
0.18202
-0.15061
0.51382
1.25370
-0.61490
-1.44263
1.58322
0.62501
0.27823
-0.04253
0.65759
-0.39879
1.63133
-0.26410
1.57692
2.16525
2.50204
-0.07931
0.61109
-1.09360
-0.97428
1.71297
-0.12119
1.04200
0.60049
-0.68910
0.03894
1.91395
1.16737
2.96906
0.31797
1.39899
0.65976
0.58489
-0.13327
1.23760
0.76881
3.21004
0.50594
-0.57123
1.06661
0.58785
-0.07567
0.02779
0.80357
0.79934
0.62870
-0.58133
0.85636
0.15974
0.52572
-0.26121
2.12834
-0.31694
0.75708
0.55855
0.82194
0.16140
0.66740
2.34075
-0.43870
-0.78618
0.80379
-0.81311
1.63988
1.94987
-0.11391
-0.31294
-0.27057
0.07874
0.40987
0.05025
0.70353
-0.22631
0.58532
-1.86054
0.19920
-1.35728
-1.09075
1.87327
0.61038