3.83267
1.27108
2.14197
1.05664
-0.85433 
-0.74361
2.81354
-0.17333
2.03343
-0.89525
1.90708
0.39398
2.10662
1.41836
2.21835
1.80521
2.70017
3.08670
3.49575
0.86012
3.48664
1.59878
0.24547
2.06438
3.58225
2.59560
1.56724
-0.87473 
-0.92789
2.47640
3.07965
1.90782
0.88921
2.60832
3.13556
1.33892
2.11033
2.18082
3.87613
3.89929
3.49040
3.43931
3.39940
-0.75188
3.49119
2.68321
2.09873
3.63080
3.47826
-0.81654
3.88679
-1.00946
1.87941
-0.02138
1.04811
-1.32502
1.00640
3.09142
-0.37934
1.08870
0.47428
1.43236
3.64426
2.73091
1.16031
2.74432
0.26683
-1.33621
2.55702
-1.00564
-1.27149
-0.46197
0.98260
0.45694
0.35889
3.11601
0.54222
3.63785
1.96077
-0.86673
-1.11875
1.74172
2.42388
2.02400
3.39882
-0.44119 
-0.96907
3.49061
2.93146
-0.45688
-0.01587
-0.83620
3.27135
-0.34102
0.08388
1.57636
2.92102
3.49252
0.03422
0.73313
-0.05535
3.70743
-1.37187 
-0.35931
0.60137
0.27007
2.28184
3.23022
0.80473
0.28803
2.65766
0.19703
3.27750
2.66795
2.14521
3.78238
-0.35491 
-1.27902
1.10280
3.76202
2.93236
1.82991
2.66418
1.21612
-0.97390
1.50369
0.52134
3.49072
-0.38353 
-0.17662
2.72238
0.78989
-1.16136 
-0.08058
3.29403
3.43671
3.09640
0.99108
1.66884
-0.36858
3.11193
-0.85952 
-0.15568
0.31575
-0.44220
3.39648
3.41249
3.32774
2.35106
0.76307
3.87253
1.80781
0.13582
2.07185
-0.87903
1.00099
1.54180
1.51101
2.23462
-0.96897
-0.85226
3.33585
2.83908
1.14245
2.65936
-0.91671
2.63577
2.58617
0.12787
3.01663
-0.26571
3.03619
0.43850
2.72805
-1.11620
1.41969
3.10551
1.11865
1.17589
0.96007
1.02426
3.45123
-0.46356
2.36039
2.72683
0.71585
3.84243
-0.94840
2.84936
-0.34182
-0.88772
2.32986
-0.33731 
-0.24827
1.29911
2.41609
-0.95243
0.48700
-0.24896
2.56009